repeat wait() until game:IsLoaded()
loadstring(game:HttpGet("https://raw.githubusercontent.com/Nevcit/GOA_HUB/refs/heads/main/KeySystem.lua"))()
local screen = game:GetService("CoreGui").KeySystem
local box = game:GetService("CoreGui").KeySystem.Frame.TextBox
local tb3 = game:GetService("CoreGui").KeySystem.Frame.Frame:GetChildren()[3]
local tb2 = game:GetService("CoreGui").KeySystem.Frame.Frame.TextButton
local correct = false
getgenv().Nevcit = false
local KeyGuardLibrary = loadstring(game:HttpGet("https://cdn.keyguardian.org/library/v1.0.0.lua"))()
local trueData = "f8697a274a6147978e4430002dd72c79"
local falseData = "b3d0b953d17a4191bc765c9be4503ba3"

KeyGuardLibrary.Set({
  publicToken = "236a84aa38b742699016bf40133dbec7",
  privateToken = "a6bca04c1b964ce896721bc4c6a859de",
  trueData = trueData,
  falseData = falseData,
})

tb3.MouseButton1Click:Connect(function()
    local getkey = KeyGuardLibrary.getLink()
    task.wait(0.1)
    game.StarterGui:SetCore("SendNotification", {
        Title = "Notifications";
        Text = "Paste on Website";
        Duration = "10";
        Button1 = "OK"
    })
    setclipboard(getkey)
end)

tb2.MouseButton1Click:Connect(function()
    local key = box.Text
    local response = KeyGuardLibrary.validateDefaultKey(key)
    if response == trueData then
        writefile("GOAHUB/Key.txt", key)
        task.wait(0.1)
        box.Text = "Valid Key"
        task.wait(0.2)
        game.StarterGui:SetCore("SendNotification", {
            Title = "Loading .......";
            Text = "Please Wait";
            Duration = "4";
            Button1 = "OK"
        })
        task.wait(0.1)
        screen:Destroy()
        task.wait(0.1)
        getgenv().Nevcit = true
        task.wait(0.1)
        correct = true
    elseif response ~= trueData then
        box.Text = "Invalid Key"
        game.StarterGui:SetCore("SendNotification", {
            Title = "ERROR";
            Text = "GET KEY FIRST";
            Duration = "5";
            Button1 = "OK"
        })
    end
end)

local jcn = readfile("GOAHUB/Key.txt")
local response = KeyGuardLibrary.validateDefaultKey(jcn)
if response == trueData then
  box.Text = "Valid Key"
  task.wait(0.3)
  game.StarterGui:SetCore("SendNotification", {
    Title = "Loading .......";
    Text = "Please Wait";
    Duration = "4";
    Button1 = "OK"
  })
  task.wait(0.1)
  screen:Destroy()
  task.wait(0.1)
  getgenv().Nevcit = true
  task.wait(0.1)
  correct = true
elseif response ~= trueData then
  box.Text = "Invalid Key"
  game.StarterGui:SetCore("SendNotification", {
    Title = "ERROR";
    Text = "GET KEY FIRST";
    Duration = "5";
    Button1 = "OK"
  })
end



repeat task.wait()
  if getgenv().KeyMode == 2 or getgenv().AllowAnyKey == false or getgenv().UseKey == "25ms" then
    game.Players.LocalPlayer:Kick("Cracking Detected : Please Dont Cracking The Script")
  end
until correct and getgenv().Nevcit
for _, gui in ipairs(game:GetService("CoreGui"):GetChildren()) do  
  if gui.Name == "FLUENT" then 
    gui:Destroy()
  end
end

local infinitestamina
local energy
local thirst
local Hunger
local stop = false
getgenv().JumpPower = nil
getgenv().WalkSpeed = nil
getgenv().Air = 20
getgenv().Active = false
getgenv().Hunger = 10
getgenv().Sleep = false
getgenv().Seed = false
getgenv().Apple = false
getgenv().Activity = "Nothing"
getgenv().Item = "Nothing"
getgenv().Location = "Nothing"
local lp = game.Players.LocalPlayer
local Fluent = loadstring(game:HttpGet("https://raw.githubusercontent.com/Nevcit/UI-Library/refs/heads/main/Loadstring/FluentLib"))()
local Options = Fluent.Options

local Window = Fluent:CreateWindow({
    Title = "GOA HUB ",
    SubTitle = " by Nevcit",
    TabWidth = 80,
    Size = UDim2.fromOffset(580, 340),
    Acrylic = false, -- The blur may be detectable, setting this to false disables blur entirely
    Theme = "Dark",
    MinimizeKey = Enum.KeyCode.LeftControl -- Used when theres no MinimizeKeybind
})

local Tabs = {
  Main = Window:AddTab({ Title = "Main", Icon = "home" }),
  Player = Window:AddTab({ Title = "Player", Icon = "user" }),
  Credit = Window:AddTab({ Title = "Credit", Icon = "bookmark" }),
  Save = Window:AddTab({ Title = "Save", Icon = "save" })
}

-----\\ Main //-----
Tabs.Main:AddButton({
    Title = "No FOG",
    Description = "",
    Callback = function()
        game:GetService("Lighting").GlobalShadows = false
        game:GetService("Lighting").Atmosphere:Destroy()
    end
})

local Dropdown = Tabs.Main:AddDropdown("Auto Drink If Reach", {
    Title = "Auto Drink If Reach (%}",
    Description = "",
    Values = {1, 10, 20, 30, 40, 50, 60, 70, 80, 90},
    Multi = false,
    Default = 20,
    Callback = function(Value)
      getgenv().Air = Value
    end
})

local Toggle = Tabs.Main:AddToggle("Auto Drink", 
{
    Title = "Auto Drink", 
    Description = "",
    Default = false,
    Callback = function(state)
      if state == true then
        stop = false
        getgenv().Active = false
        repeat task.wait(0.5)
          local hrp = lp.Character.HumanoidRootPart
          local old = hrp.CFrame
          if getgenv().Air >= lp.Thirst.Value and getgenv().Active == false then
            getgenv().Active = true
            if lp.Backpack:FindFirstChild("Drinking Glass") == nil and workspace.Players[tostring(lp.Name)]:FindFirstChild("Drinking Glass") == nil then
              hrp.CFrame = CFrame.new(27.2257442, 56.5372925, -135.588196, 0.309803575, -7.90111443e-08, 0.950800538, 3.16892113e-08, 1, 7.27741565e-08, -0.950800538, 7.58442553e-09, 0.309803575)
              repeat task.wait(0.2) until not lp.GameplayPaused
              task.wait(0.2)
              fireproximityprompt(workspace.Shelter["Shelf with Drinks"].Primary.ProximityPrompt)
              task.wait(0.2)          
              if workspace.Shelter.WaterDispenser.Bottle.Transparency == 1 then
                hrp.CFrame = CFrame.new(134.298721, 57.052597, 447.872284, 0.0271485131, 8.72740458e-08, 0.999631464, -7.80113254e-08, 1, -8.51875583e-08, -0.999631464, -7.56698526e-08, 0.0271485131)
                repeat task.wait(0.2) until not lp.GameplayPaused
                repeat task.wait(0.1)
                  fireproximityprompt(workspace.Lake["Water Bucket"].Pot.ProximityPrompt)
                until lp.Backpack:FindFirstChild("Water Bucket")
                hrp.CFrame = CFrame.new(27.2257442, 56.5372925, -135.588196, 0.309803575, -7.90111443e-08, 0.950800538, 3.16892113e-08, 1, 7.27741565e-08, -0.950800538, 7.58442553e-09, 0.309803575)
                task.wait(0.2)
                for i, v in pairs(lp.Backpack:GetChildren()) do
                  if v.Name == "Water Bucket" then
                    lp.Character.Humanoid:EquipTool(v)
                  end
                end
                task.wait(0.2)
                fireproximityprompt(workspace.Shelter.WaterDispenser.Primary.ProximityPrompt)
                task.wait(0.1)
                for i, v in pairs(lp.Backpack:GetChildren()) do
                  if v.Name == "Drinking Glass" then
                    lp.Character.Humanoid:EquipTool(v)
                  end
                end
                task.wait(0.2)
                fireproximityprompt(workspace.Shelter.WaterDispenser.Primary.ProximityPrompt)
                task.wait(0.1)
                game:GetService("VirtualUser"):ClickButton1(Vector2.new(9e9, 9e9)) 
                task.wait(0.1)
                hrp.CFrame = old
              elseif workspace.Shelter.WaterDispenser.Bottle.Transparency == 0 then
                hrp.CFrame = CFrame.new(27.2257442, 56.5372925, -135.588196, 0.309803575, -7.90111443e-08, 0.950800538, 3.16892113e-08, 1, 7.27741565e-08, -0.950800538, 7.58442553e-09, 0.309803575)
                task.wait(0.2)
                for i, v in pairs(lp.Backpack:GetChildren()) do
                  if v.Name == "Drinking Glass" then
                    lp.Character.Humanoid:EquipTool(v)
                  end
                end
                task.wait(0.2)
                fireproximityprompt(workspace.Shelter.WaterDispenser.Primary.ProximityPrompt)
                task.wait(0.1)
                game:GetService("VirtualUser"):ClickButton1(Vector2.new(9e9, 9e9))
                task.wait(0.1)
                hrp.CFrame = old
              end
            elseif lp.Backpack:FindFirstChild("Drinking Glass") ~= nil then
              if workspace.Shelter.WaterDispenser.Bottle.Transparency == 1 then
                hrp.CFrame = CFrame.new(134.298721, 57.052597, 447.872284, 0.0271485131, 8.72740458e-08, 0.999631464, -7.80113254e-08, 1, -8.51875583e-08, -0.999631464, -7.56698526e-08, 0.0271485131)
                repeat task.wait(0.2) until not lp.GameplayPaused
                repeat task.wait(0.1)
                  fireproximityprompt(workspace.Lake["Water Bucket"].Pot.ProximityPrompt)
                until lp.Backpack:FindFirstChild("Water Bucket")
                hrp.CFrame = CFrame.new(27.2257442, 56.5372925, -135.588196, 0.309803575, -7.90111443e-08, 0.950800538, 3.16892113e-08, 1, 7.27741565e-08, -0.950800538, 7.58442553e-09, 0.309803575)
                task.wait(0.2)
                for i, v in pairs(lp.Backpack:GetChildren()) do
                  if v.Name == "Water Bucket" then
                    lp.Character.Humanoid:EquipTool(v)
                  end
                end
                task.wait(0.2)
                fireproximityprompt(workspace.Shelter.WaterDispenser.Primary.ProximityPrompt)
                task.wait(0.1)
                for i, v in pairs(lp.Backpack:GetChildren()) do
                  if v.Name == "Drinking Glass" then
                    lp.Character.Humanoid:EquipTool(v)
                  end
                end
                task.wait(0.2)
                fireproximityprompt(workspace.Shelter.WaterDispenser.Primary.ProximityPrompt)
                task.wait(0.1)
                game:GetService("VirtualUser"):ClickButton1(Vector2.new(9e9, 9e9)) 
                task.wait(0.1)
                hrp.CFrame = old
              elseif workspace.Shelter.WaterDispenser.Bottle.Transparency == 0 then
                hrp.CFrame = CFrame.new(27.2257442, 56.5372925, -135.588196, 0.309803575, -7.90111443e-08, 0.950800538, 3.16892113e-08, 1, 7.27741565e-08, -0.950800538, 7.58442553e-09, 0.309803575)
                task.wait(0.2)
                for i, v in pairs(lp.Backpack:GetChildren()) do
                  if v.Name == "Drinking Glass" then
                    lp.Character.Humanoid:EquipTool(v)
                  end
                end
                task.wait(0.2)
                fireproximityprompt(workspace.Shelter.WaterDispenser.Primary.ProximityPrompt)
                task.wait(0.1)
                game:GetService("VirtualUser"):ClickButton1(Vector2.new(9e9, 9e9))
                task.wait(0.1)
                hrp.CFrame = old
              end
            elseif workspace.Players[tostring(lp.Name)]:FindFirstChild("Drinking Glass") ~= nil then
              if workspace.Shelter.WaterDispenser.Bottle.Transparency == 1 then
                hrp.CFrame = CFrame.new(134.298721, 57.052597, 447.872284, 0.0271485131, 8.72740458e-08, 0.999631464, -7.80113254e-08, 1, -8.51875583e-08, -0.999631464, -7.56698526e-08, 0.0271485131)
                repeat task.wait(0.2) until not lp.GameplayPaused
                repeat task.wait(0.1)
                  fireproximityprompt(workspace.Lake["Water Bucket"].Pot.ProximityPrompt)
                until lp.Backpack:FindFirstChild("Water Bucket")
                hrp.CFrame = CFrame.new(27.2257442, 56.5372925, -135.588196, 0.309803575, -7.90111443e-08, 0.950800538, 3.16892113e-08, 1, 7.27741565e-08, -0.950800538, 7.58442553e-09, 0.309803575)
                task.wait(0.2)
                for i, v in pairs(lp.Backpack:GetChildren()) do
                  if v.Name == "Water Bucket" then
                    lp.Character.Humanoid:EquipTool(v)
                  end
                end
                task.wait(0.2)
                fireproximityprompt(workspace.Shelter.WaterDispenser.Primary.ProximityPrompt)
                task.wait(0.1)
                for i, v in pairs(lp.Backpack:GetChildren()) do
                  if v.Name == "Drinking Glass" then
                    lp.Character.Humanoid:EquipTool(v)
                  end
                end
                task.wait(0.2)
                fireproximityprompt(workspace.Shelter.WaterDispenser.Primary.ProximityPrompt)
                task.wait(0.1)
                game:GetService("VirtualUser"):ClickButton1(Vector2.new(9e9, 9e9)) 
                task.wait(0.1)
                hrp.CFrame = old
              elseif workspace.Shelter.WaterDispenser.Bottle.Transparency == 0 then
                hrp.CFrame = CFrame.new(27.2257442, 56.5372925, -135.588196, 0.309803575, -7.90111443e-08, 0.950800538, 3.16892113e-08, 1, 7.27741565e-08, -0.950800538, 7.58442553e-09, 0.309803575)
                task.wait(0.2)            
                fireproximityprompt(workspace.Shelter.WaterDispenser.Primary.ProximityPrompt)
                task.wait(0.1)
                game:GetService("VirtualUser"):ClickButton1(Vector2.new(9e9, 9e9))
                task.wait(0.1)
                hrp.CFrame = old
              elseif workspace.Players[tostring(lp.Name)]:FindFirstChild("Water of Glass") ~= nil then
                game:GetService("VirtualUser"):ClickButton1(Vector2.new(9e9, 9e9))
                task.wait(0.1)
                hrp.CFrame = old
              elseif lp.Backpack:FindFirstChild("Water of Glass") ~= nil then
                for i, v in pairs(lp.Backpack:GetChildren()) do
                  if v.Name == "Water of Glass" then
                    lp.Character.Humanoid:EquipTool(v)
                  end
                end
                task.wait(0.2)
                game:GetService("VirtualUser"):ClickButton1(Vector2.new(9e9, 9e9))
                task.wait(0.1)
                hrp.CFrame = old                
              end
            end
            getgenv().Active = false            
          end      
        until stop
      end
      if state == false then
        stop = true
      end
    end 
})

local Dropdown = Tabs.Main:AddDropdown("Auto Eat If Reach", {
    Title = "Auto Eat If Reach (%}",
    Description = "",
    Values = {1, 10, 20, 30, 40, 50, 60, 70, 80, 90},
    Multi = false,
    Default = 20,
    Callback = function(Value)
      getgenv().Hunger = Value
    end
})


local Toggle = Tabs.Main:AddToggle("Auto Eat", 
{
    Title = "Auto Eat", 
    Description = "",
    Default = false,
    Callback = function(state)
      if state == true then
        stop = false
        getgenv().Active = false
        while task.wait(0.3) do
          local hrp = lp.Character.HumanoidRootPart
          local old = hrp.CFrame
          if lp.Hunger.Value <= getgenv().Hunger and getgenv().Active == false then
            getgenv().Active = true
            if lp.Backpack:FindFirstChild("Apple") == nil and workspace.Players[tostring(lp.Name)]:FindFirstChild("Apple") == nil then
              hrp.CFrame = CFrame.new(103.814682, 55.9863548, 966.578674, 0.798175871, 1.64670126e-08, -0.602424502, -6.88385526e-08, 1, -6.3872335e-08, 0.602424502, 9.24513941e-08, 0.798175871)
              repeat task.wait(0.2) until not lp.GameplayPaused
              task.wait(0.1)
              task.spawn(function()
                for i, v in pairs(workspace.Farm:GetDescendants()) do
                  if v.Name == "Apple" and v:IsA("Part") and v:FindFirstChild("ProximityPrompt") and getgenv().Apple == false then
                    hrp.CFrame = v.CFrame
                    fireproximityprompt(v.ProximityPrompt)
                  end
                end
              end)
              repeat task.wait(0.2) until lp.Backpack:FindFirstChild("Apple")
              task.wait(0.1)
              for i, v in pairs(lp.Backpack:GetChildren()) do
                if v.Name == "Apple" then
                  lp.Character.Humanoid:EquipTool(v)
                end
              end
              task.wait(0.2)
              game:GetService("VirtualUser"):ClickButton1(Vector2.new(9e9, 9e9))
              hrp.CFrame = old
            elseif lp.Backpack:FindFirstChild("Apple") ~= nil then
              for i, v in pairs(lp.Backpack:GetChildren()) do
                if v.Name == "Apple" then
                  lp.Character.Humanoid:EquipTool(v)
                end
              end
              task.wait(0.2)
              game:GetService("VirtualUser"):ClickButton1(Vector2.new(9e9, 9e9))
              hrp.CFrame = old
            elseif workspace.Players[tostring(lp.Name)]:FindFirstChild("Apple") then
              game:GetService("VirtualUser"):ClickButton1(Vector2.new(9e9, 9e9))
              hrp.CFrame = old              
            end
            getgenv().Active = false
          end
          if stop == true then
            break
          end
        end          
      end
      if state == false then
        stop = true
      end
    end 
})

local Dropdown = Tabs.Main:AddDropdown("Activity", {
    Title = "Activity",
    Description = "",
    Values = {"Fill Dispenser", "Drink", "Eat Apple", "Sleep", "Place Seed", "Attach Wheel", "Attach Paint", "Attach Steering Wheel", "Attach Engine", "Attach Seats"},
    Multi = false,
    Default = "",
    Callback = function(Value)
      getgenv().Activity = Value
    end
})

Tabs.Main:AddButton({
    Title = "Do The Activity",
    Description = "",
    Callback = function()
      local hrp = lp.Character.HumanoidRootPart
      local old = hrp.CFrame
      if getgenv().Activity == "Drink" then
        if lp.Backpack:FindFirstChild("Drinking Glass") == nil and workspace.Players[tostring(lp.Name)]:FindFirstChild("Drinking Glass") == nil then
          hrp.CFrame = CFrame.new(27.2257442, 56.5372925, -135.588196, 0.309803575, -7.90111443e-08, 0.950800538, 3.16892113e-08, 1, 7.27741565e-08, -0.950800538, 7.58442553e-09, 0.309803575)
          repeat task.wait(0.2) until not lp.GameplayPaused
          task.wait(0.2)
          fireproximityprompt(workspace.Shelter["Shelf with Drinks"].Primary.ProximityPrompt)
          task.wait(0.2)          
          if workspace.Shelter.WaterDispenser.Bottle.Transparency == 1 then
            hrp.CFrame = CFrame.new(134.298721, 57.052597, 447.872284, 0.0271485131, 8.72740458e-08, 0.999631464, -7.80113254e-08, 1, -8.51875583e-08, -0.999631464, -7.56698526e-08, 0.0271485131)
            repeat task.wait(0.2) until not lp.GameplayPaused
            repeat task.wait(0.1)
              fireproximityprompt(workspace.Lake["Water Bucket"].Pot.ProximityPrompt)
            until lp.Backpack:FindFirstChild("Water Bucket")
            hrp.CFrame = CFrame.new(27.2257442, 56.5372925, -135.588196, 0.309803575, -7.90111443e-08, 0.950800538, 3.16892113e-08, 1, 7.27741565e-08, -0.950800538, 7.58442553e-09, 0.309803575)
            task.wait(0.2)
            for i, v in pairs(lp.Backpack:GetChildren()) do
              if v.Name == "Water Bucket" then
                lp.Character.Humanoid:EquipTool(v)
              end
            end
            task.wait(0.2)
            fireproximityprompt(workspace.Shelter.WaterDispenser.Primary.ProximityPrompt)
            task.wait(0.1)
            for i, v in pairs(lp.Backpack:GetChildren()) do
              if v.Name == "Drinking Glass" then
                lp.Character.Humanoid:EquipTool(v)
              end
            end
            task.wait(0.2)
            fireproximityprompt(workspace.Shelter.WaterDispenser.Primary.ProximityPrompt)
            task.wait(0.1)
            game:GetService("VirtualUser"):ClickButton1(Vector2.new(9e9, 9e9)) 
            task.wait(0.1)
            hrp.CFrame = old
          elseif workspace.Shelter.WaterDispenser.Bottle.Transparency == 0 then
            hrp.CFrame = CFrame.new(27.2257442, 56.5372925, -135.588196, 0.309803575, -7.90111443e-08, 0.950800538, 3.16892113e-08, 1, 7.27741565e-08, -0.950800538, 7.58442553e-09, 0.309803575)
            task.wait(0.2)
            for i, v in pairs(lp.Backpack:GetChildren()) do
              if v.Name == "Drinking Glass" then
                lp.Character.Humanoid:EquipTool(v)
              end
            end
            task.wait(0.2)
            fireproximityprompt(workspace.Shelter.WaterDispenser.Primary.ProximityPrompt)
            task.wait(0.1)
            game:GetService("VirtualUser"):ClickButton1(Vector2.new(9e9, 9e9))
            task.wait(0.1)
            hrp.CFrame = old
          end
        elseif lp.Backpack:FindFirstChild("Drinking Glass") ~= nil then
          if workspace.Shelter.WaterDispenser.Bottle.Transparency == 1 then
            hrp.CFrame = CFrame.new(134.298721, 57.052597, 447.872284, 0.0271485131, 8.72740458e-08, 0.999631464, -7.80113254e-08, 1, -8.51875583e-08, -0.999631464, -7.56698526e-08, 0.0271485131)
            repeat task.wait(0.2) until not lp.GameplayPaused
            repeat task.wait(0.1)
              fireproximityprompt(workspace.Lake["Water Bucket"].Pot.ProximityPrompt)
            until lp.Backpack:FindFirstChild("Water Bucket")
            hrp.CFrame = CFrame.new(27.2257442, 56.5372925, -135.588196, 0.309803575, -7.90111443e-08, 0.950800538, 3.16892113e-08, 1, 7.27741565e-08, -0.950800538, 7.58442553e-09, 0.309803575)
            task.wait(0.2)
            for i, v in pairs(lp.Backpack:GetChildren()) do
              if v.Name == "Water Bucket" then
                lp.Character.Humanoid:EquipTool(v)
              end
            end
            task.wait(0.2)
            fireproximityprompt(workspace.Shelter.WaterDispenser.Primary.ProximityPrompt)
            task.wait(0.1)
            for i, v in pairs(lp.Backpack:GetChildren()) do
              if v.Name == "Drinking Glass" then
                lp.Character.Humanoid:EquipTool(v)
              end
            end
            task.wait(0.2)
            fireproximityprompt(workspace.Shelter.WaterDispenser.Primary.ProximityPrompt)
            task.wait(0.1)
            game:GetService("VirtualUser"):ClickButton1(Vector2.new(9e9, 9e9)) 
            task.wait(0.1)
            hrp.CFrame = old
          elseif workspace.Shelter.WaterDispenser.Bottle.Transparency == 0 then
            hrp.CFrame = CFrame.new(27.2257442, 56.5372925, -135.588196, 0.309803575, -7.90111443e-08, 0.950800538, 3.16892113e-08, 1, 7.27741565e-08, -0.950800538, 7.58442553e-09, 0.309803575)
            task.wait(0.2)
            for i, v in pairs(lp.Backpack:GetChildren()) do
              if v.Name == "Drinking Glass" then
                lp.Character.Humanoid:EquipTool(v)
              end
            end
            task.wait(0.2)
            fireproximityprompt(workspace.Shelter.WaterDispenser.Primary.ProximityPrompt)
            task.wait(0.1)
            game:GetService("VirtualUser"):ClickButton1(Vector2.new(9e9, 9e9))
            task.wait(0.1)
            hrp.CFrame = old
          end
        elseif workspace.Players[tostring(lp.Name)]:FindFirstChild("Drinking Glass") ~= nil then
          if workspace.Shelter.WaterDispenser.Bottle.Transparency == 1 then
            hrp.CFrame = CFrame.new(134.298721, 57.052597, 447.872284, 0.0271485131, 8.72740458e-08, 0.999631464, -7.80113254e-08, 1, -8.51875583e-08, -0.999631464, -7.56698526e-08, 0.0271485131)
            repeat task.wait(0.2) until not lp.GameplayPaused
            repeat task.wait(0.1)
              fireproximityprompt(workspace.Lake["Water Bucket"].Pot.ProximityPrompt)
            until lp.Backpack:FindFirstChild("Water Bucket")
            hrp.CFrame = CFrame.new(27.2257442, 56.5372925, -135.588196, 0.309803575, -7.90111443e-08, 0.950800538, 3.16892113e-08, 1, 7.27741565e-08, -0.950800538, 7.58442553e-09, 0.309803575)
            task.wait(0.2)
            for i, v in pairs(lp.Backpack:GetChildren()) do
              if v.Name == "Water Bucket" then
                lp.Character.Humanoid:EquipTool(v)
              end
            end
            task.wait(0.2)
            fireproximityprompt(workspace.Shelter.WaterDispenser.Primary.ProximityPrompt)
            task.wait(0.1)
            for i, v in pairs(lp.Backpack:GetChildren()) do
              if v.Name == "Drinking Glass" then
                lp.Character.Humanoid:EquipTool(v)
              end
            end
            task.wait(0.2)
            fireproximityprompt(workspace.Shelter.WaterDispenser.Primary.ProximityPrompt)
            task.wait(0.1)
            game:GetService("VirtualUser"):ClickButton1(Vector2.new(9e9, 9e9)) 
            task.wait(0.1)
            hrp.CFrame = old
          elseif workspace.Shelter.WaterDispenser.Bottle.Transparency == 0 then
            hrp.CFrame = CFrame.new(27.2257442, 56.5372925, -135.588196, 0.309803575, -7.90111443e-08, 0.950800538, 3.16892113e-08, 1, 7.27741565e-08, -0.950800538, 7.58442553e-09, 0.309803575)
            task.wait(0.2)            
            fireproximityprompt(workspace.Shelter.WaterDispenser.Primary.ProximityPrompt)
            task.wait(0.1)
            game:GetService("VirtualUser"):ClickButton1(Vector2.new(9e9, 9e9))
            task.wait(0.1)
            hrp.CFrame = old
          elseif workspace.Players[tostring(lp.Name)]:FindFirstChild("Water of Glass") ~= nil then
            game:GetService("VirtualUser"):ClickButton1(Vector2.new(9e9, 9e9))
            task.wait(0.1)
            hrp.CFrame = old
          elseif lp.Backpack:FindFirstChild("Water of Glass") ~= nil then
            for i, v in pairs(lp.Backpack:GetChildren()) do
              if v.Name == "Water of Glass" then
                lp.Character.Humanoid:EquipTool(v)
              end
            end
            task.wait(0.2)
            game:GetService("VirtualUser"):ClickButton1(Vector2.new(9e9, 9e9))
            task.wait(0.1)
            hrp.CFrame = old
          end
        end
      elseif getgenv().Activity == "Fill Dispenser" then
        if workspace.Shelter.WaterDispenser.Bottle.Transparency == 1 then
          if lp.Backpack:FindFirstChild("Water Bucket") == nil and workspace.Players[tostring(lp.Name)]:FindFirstChild("Water Bucket") == nil then
            hrp.CFrame = CFrame.new(134.298721, 57.052597, 447.872284, 0.0271485131, 8.72740458e-08, 0.999631464, -7.80113254e-08, 1, -8.51875583e-08, -0.999631464, -7.56698526e-08, 0.0271485131)
            repeat task.wait(0.2) until not lp.GameplayPaused
            repeat task.wait(0.1)
              fireproximityprompt(workspace.Lake["Water Bucket"].Pot.ProximityPrompt)
            until lp.Backpack:FindFirstChild("Water Bucket")
            hrp.CFrame = CFrame.new(27.2257442, 56.5372925, -135.588196, 0.309803575, -7.90111443e-08, 0.950800538, 3.16892113e-08, 1, 7.27741565e-08, -0.950800538, 7.58442553e-09, 0.309803575)
            task.wait(0.2)
            for i, v in pairs(lp.Backpack:GetChildren()) do
              if v.Name == "Water Bucket" then
                lp.Character.Humanoid:EquipTool(v)
              end
            end
            task.wait(0.2)
            fireproximityprompt(workspace.Shelter.WaterDispenser.Primary.ProximityPrompt)
            task.wait(0.1)
            hrp.CFrame = old
          elseif lp.Backpack:FindFirstChild("Water Bucket") ~= nil then
            hrp.CFrame = CFrame.new(27.2257442, 56.5372925, -135.588196, 0.309803575, -7.90111443e-08, 0.950800538, 3.16892113e-08, 1, 7.27741565e-08, -0.950800538, 7.58442553e-09, 0.309803575) 
            task.wait(0.2)            
            for i, v in pairs(lp.Backpack:GetChildren()) do
              if v.Name == "Water Bucket" then
                lp.Character.Humanoid:EquipTool(v)
              end
            end
            task.wait(0.2)
            fireproximityprompt(workspace.Shelter.WaterDispenser.Primary.ProximityPrompt)
            task.wait(0.1)
            hrp.CFrame = old
          elseif workspace.Players[tostring(lp.Name)]:FindFirstChild("Water Bucket") ~= nil then
            hrp.CFrame = CFrame.new(27.2257442, 56.5372925, -135.588196, 0.309803575, -7.90111443e-08, 0.950800538, 3.16892113e-08, 1, 7.27741565e-08, -0.950800538, 7.58442553e-09, 0.309803575)            
            task.wait(0.2)
            fireproximityprompt(workspace.Shelter.WaterDispenser.Primary.ProximityPrompt)
            task.wait(0.1)
            hrp.CFrame = old
          end
        elseif workspace.Shelter.WaterDispenser.Bottle.Transparency == 0 then
          Fluent:Notify({
            Title = "ERROR",
            Content = "DISPENSER IS ALREADY FILLED",
            SubContent = "", -- Optional
            Duration = 9 -- Set to nil to make the notification not disappear
          })
        end
      elseif getgenv().Activity == "Attach Wheel" then
        if lp.Backpack:FindFirstChild("Wheel") == nil and workspace.Players[tostring(lp.Name)]:FindFirstChild("Wheel") == nil and workspace.Shelter.Truck.Wheels.Done.Value == false then
          hrp.CFrame = CFrame.new(1147.07996, 55.9864388, 206.178238, -0.877708137, -8.31582341e-08, 0.479195625, -1.1075705e-07, 1, -2.93285787e-08, -0.479195625, -7.88162211e-08, -0.877708137)
          repeat task.wait(0.2) until not lp.GameplayPaused
          task.wait(0.2)
          for i, v in pairs(workspace.Grabbables.Wheels:GetDescendants()) do
            if v:IsA("ProximityPrompt") and v.Name == "ProximityPrompt" then
              fireproximityprompt(v)
            end
          end
          task.wait(0.2)
          hrp.CFrame = CFrame.new(51.3092995, 56.4138947, -101.931618, -0.999997079, -3.15024096e-08, 0.00242084684, -3.16472253e-08, 1, -5.97823941e-08, -0.00242084684, -5.98588343e-08, -0.999997079)
          repeat task.wait(0.2) until not lp.GameplayPaused
          task.wait(0.2)
          for i, v in pairs(lp.Backpack:GetChildren()) do
            if v.Name == "Wheel" then
              lp.Character.Humanoid:EquipTool(v)
            end
          end
          task.wait(0.3)
          fireproximityprompt(workspace.Shelter.Truck.Wheels.Wheel.ProximityPrompt)
          task.wait(0.2)
          hrp.CFrame = old
        elseif lp.Backpack:FindFirstChild("Wheel") ~= nil then
          hrp.CFrame = CFrame.new(51.3092995, 56.4138947, -101.931618, -0.999997079, -3.15024096e-08, 0.00242084684, -3.16472253e-08, 1, -5.97823941e-08, -0.00242084684, -5.98588343e-08, -0.999997079)
          repeat task.wait(0.2) until not lp.GameplayPaused
          task.wait(0.2)
          for i, v in pairs(lp.Backpack:GetChildren()) do
            if v.Name == "Wheel" then
              lp.Character.Humanoid:EquipTool(v)
            end
          end
          task.wait(0.2)
          fireproximityprompt(workspace.Shelter.Truck.Wheels.Wheel.ProximityPrompt)
          task.wait(0.2)
          hrp.CFrame = old
        elseif workspace.Players[tostring(lp.Name)]:FindFirstChild("Wheel") ~= nil then
          hrp.CFrame = CFrame.new(51.3092995, 56.4138947, -101.931618, -0.999997079, -3.15024096e-08, 0.00242084684, -3.16472253e-08, 1, -5.97823941e-08, -0.00242084684, -5.98588343e-08, -0.999997079)
          repeat task.wait(0.2) until not lp.GameplayPaused
          task.wait(0.2)          
          fireproximityprompt(workspace.Shelter.Truck.Wheels.Wheel.ProximityPrompt)
          task.wait(0.2)
          hrp.CFrame = old
        elseif workspace.Shelter.Truck.Wheels.Wheel_FrontLeft.Transparency == 0 then
          Fluent:Notify({
            Title = "ERROR",
            Content = "ALREADY ATTACH",
            SubContent = "", -- Optional
            Duration = 9 -- Set to nil to make the notification not disappear
          })
        end
      elseif getgenv().Activity == "Attach Engine" then
        if lp.Backpack:FindFirstChild("Engine") == nil and workspace.Players[tostring(lp.Name)]:FindFirstChild("Engine") == nil and workspace.Shelter.Truck.Engine.Done.Value == false then
          hrp.CFrame = CFrame.new(611.939514, 59.9735718, 914.994263, 0.105314724, -1.75599215e-08, 0.994438946, -1.80728712e-08, 1, 1.95721022e-08, -0.994438946, -2.00335979e-08, 0.105314724)
          repeat task.wait(0.2) until not lp.GameplayPaused
          task.wait(0.1)
          fireproximityprompt(workspace.Grabbables.Engine.Engine.ProximityPrompt)
          task.wait(0.2)
          hrp.CFrame = CFrame.new(57.2358818, 56.3991814, -94.0194778, -0.101343475, 3.53139704e-08, 0.99485153, -6.06338668e-09, 1, -3.61143933e-08, -0.99485153, -9.6921271e-09, -0.101343475)
          repeat task.wait(0.2) until not lp.GameplayPaused
          task.wait(0.2)
          for i, v in pairs(lp.Backpack:GetChildren()) do
            if v.Name == "Engine" then
              lp.Character.Humanoid:EquipTool(v)
            end
          end
          task.wait(0.3)
          fireproximityprompt(workspace.Shelter.Truck.Engine.Engine.ProximityPrompt)
          task.wait(0.2)
          hrp.CFrame = old
        elseif lp.Backpack:FindFirstChild("Engine") ~= nil then
          hrp.CFrame = CFrame.new(57.2358818, 56.3991814, -94.0194778, -0.101343475, 3.53139704e-08, 0.99485153, -6.06338668e-09, 1, -3.61143933e-08, -0.99485153, -9.6921271e-09, -0.101343475)
          repeat task.wait(0.2) until not lp.GameplayPaused
          task.wait(0.2)
          for i, v in pairs(lp.Backpack:GetChildren()) do
            if v.Name == "Engine" then
              lp.Character.Humanoid:EquipTool(v)
            end
          end
          task.wait(0.2)
          fireproximityprompt(workspace.Shelter.Truck.Engine.Engine.ProximityPrompt)
          task.wait(0.2)
          hrp.CFrame = old
        elseif workspace.Players[tostring(lp.Name)]:FindFirstChild("Engine") ~= nil then
          hrp.CFrame = CFrame.new(57.2358818, 56.3991814, -94.0194778, -0.101343475, 3.53139704e-08, 0.99485153, -6.06338668e-09, 1, -3.61143933e-08, -0.99485153, -9.6921271e-09, -0.101343475)
          repeat task.wait(0.2) until not lp.GameplayPaused
          task.wait(0.2)        
          fireproximityprompt(workspace.Shelter.Truck.Engine.Engine.ProximityPrompt)
          task.wait(0.2)
          hrp.CFrame = old
        elseif workspace.Shelter.Truck.Engine["Meshes/ls9 2.7"].Transparency == 0 then
          Fluent:Notify({
            Title = "ERROR",
            Content = "ALREADY ATTACH",
            SubContent = "", -- Optional
            Duration = 9 -- Set to nil to make the notification not disappear
          })
        end
      elseif getgenv().Activity == "Attach Steering Wheel" then
        if lp.Backpack:FindFirstChild("Steering Wheel") == nil and workspace.Players[tostring(lp.Name)]:FindFirstChild("Steering Wheel") == nil and workspace.Shelter.Truck.Steering.Done.Value == false then
          hrp.CFrame = CFrame.new(25.3284569, 56.5372887, -128.344589, 0.427752227, -1.87288993e-08, 0.903896093, -9.16603042e-08, 1, 6.40967457e-08, -0.903896093, -1.10268914e-07, 0.427752227)
          repeat task.wait(0.2) until not lp.GameplayPaused
          task.wait(0.2)          
          fireproximityprompt(workspace.Grabbables["Steering Wheel"]["Steering Wheel"].ProximityPrompt)          
          task.wait(0.2)
          hrp.CFrame = CFrame.new(46.1098328, 59.2773705, -95.5080566, -0.017966073, -6.48278728e-08, -0.999838591, 6.8737684e-08, 1, -6.60734898e-08, 0.999838591, -6.99136748e-08, -0.0179660749)
          task.wait(0.2)
          for i, v in pairs(lp.Backpack:GetChildren()) do
            if v.Name == "Steering Wheel" then
              lp.Character.Humanoid:EquipTool(v)
            end
          end
          task.wait(0.3)
          fireproximityprompt(workspace.Shelter.Truck.Steering["Steering Wheel"].ProximityPrompt)
          task.wait(0.2)
          hrp.CFrame = old
        elseif lp.Backpack:FindFirstChild("Steering Wheel") ~= nil then
          hrp.CFrame = CFrame.new(46.1098328, 59.2773705, -95.5080566, -0.017966073, -6.48278728e-08, -0.999838591, 6.8737684e-08, 1, -6.60734898e-08, 0.999838591, -6.99136748e-08, -0.0179660749)
          repeat task.wait(0.2) until not lp.GameplayPaused
          task.wait(0.2)
          for i, v in pairs(lp.Backpack:GetChildren()) do
            if v.Name == "Steering Wheel" then
              lp.Character.Humanoid:EquipTool(v)
            end
          end
          task.wait(0.2)
          fireproximityprompt(workspace.Shelter.Truck.Steering["Steering Wheel"].ProximityPrompt)
          task.wait(0.2)
          hrp.CFrame = old
        elseif workspace.Players[tostring(lp.Name)]:FindFirstChild("Steering Wheel") ~= nil then
          hrp.CFrame = CFrame.new(46.1098328, 59.2773705, -95.5080566, -0.017966073, -6.48278728e-08, -0.999838591, 6.8737684e-08, 1, -6.60734898e-08, 0.999838591, -6.99136748e-08, -0.0179660749)
          repeat task.wait(0.2) until not lp.GameplayPaused
          task.wait(0.2)          
          fireproximityprompt(workspace.Shelter.Truck.Steering["Steering Wheel"].ProximityPrompt)
          task.wait(0.2)
          hrp.CFrame = old
        elseif workspace.Shelter.Truck.Steering.Part.Transparency == 0 then
          Fluent:Notify({
            Title = "ERROR",
            Content = "ALREADY ATTACH",
            SubContent = "", -- Optional
            Duration = 9 -- Set to nil to make the notification not disappear
          })
        end
      elseif getgenv().Activity == "Attach Seats" then
        if lp.Backpack:FindFirstChild("Seats") == nil and workspace.Players[tostring(lp.Name)]:FindFirstChild("Seats") == nil and workspace.Shelter.Truck.Seats.Done.Value == false then
          if lp.Backpack:FindFirstChild("Shovel") ~= nil then
            for i, v in pairs(lp.Backpack:GetChildren()) do
              if v.Name == "Shovel" then
                lp.Character.Humanoid:EquipTool(v)
              end
            end
            hrp.CFrame = CFrame.new(112.098579, 55.9896202, 940.053711, -0.766663432, -1.15261409e-08, 0.642049134, -4.9540807e-09, 1, 1.20365051e-08, -0.642049134, 6.04718497e-09, -0.766663432)            
            repeat task.wait(0.2) until not lp.GameplayPaused
            task.wait(0.1)
            fireproximityprompt(workspace.Farm.Dig.FarmDigs.ProximityPrompt)
            task.wait(0.2)
            workspace.Players[tostring(lp.Name)].Shovel.Parent = lp.Backpack
            task.wait(0.1)
            workspace.Players[tostring(lp.Name)].Seats.Parent = lp.Backpack
            task.wait(0.2)
            hrp.CFrame = CFrame.new(46.1098328, 59.2773705, -95.5080566, -0.017966073, -6.48278728e-08, -0.999838591, 6.8737684e-08, 1, -6.60734898e-08, 0.999838591, -6.99136748e-08, -0.0179660749)
            repeat task.wait(0.2) until not lp.GameplayPaused
            task.wait(0.2)
            for i, v in pairs(lp.Backpack:GetChildren()) do
              if v.Name == "Seats" then
                lp.Character.Humanoid:EquipTool(v)
              end
            end
            task.wait(0.2)
            fireproximityprompt(workspace.Shelter.Truck.Seats.Seats.ProximityPrompt)
            task.wait(0.2)
            hrp.CFrame = old
          elseif workspace.Players[tostring(lp.Name)]:FindFirstChild("Shovel") ~= nil then            
            hrp.CFrame = CFrame.new(112.098579, 55.9896202, 940.053711, -0.766663432, -1.15261409e-08, 0.642049134, -4.9540807e-09, 1, 1.20365051e-08, -0.642049134, 6.04718497e-09, -0.766663432)            
            repeat task.wait(0.2) until not lp.GameplayPaused
            task.wait(0.1)
            fireproximityprompt(workspace.Farm.Dig.FarmDigs.ProximityPrompt)
            task.wait(0.2)
            workspace.Players[tostring(lp.Name)].Shovel.Parent = lp.Backpack
            task.wait(0.1)
            workspace.Players[tostring(lp.Name)].Seats.Parent = lp.Backpack
            task.wait(0.2)
            hrp.CFrame = CFrame.new(46.1098328, 59.2773705, -95.5080566, -0.017966073, -6.48278728e-08, -0.999838591, 6.8737684e-08, 1, -6.60734898e-08, 0.999838591, -6.99136748e-08, -0.0179660749)
            repeat task.wait(0.2) until not lp.GameplayPaused
            task.wait(0.2)
            for i, v in pairs(lp.Backpack:GetChildren()) do
              if v.Name == "Seats" then
